949.797
8872.14
20593.964
37722.802
57614.066
83746.502
114496.321
153479.392
82661.466
154828.498
142679.444
172861.985
200917.624
231703.378
264420.958
302974.555
418272.552
438513.874
518720.022
854672.236
649469.124
700497.977
711149.621
850975.38
904256.64
969681.773
1047498.327
1139408.987
1164930.536
1274434.031
1357603.956
1446116.935
1485397.417
1562053.938
1554620.998
1775250.811
1909545.12
1951216.165
2163288.024
2406198.064
2334644.048
2367600.722
2747172.546
2738675.394
2751365.598
3139422.449
3277402.736
3469901.765
3414894.508
3448128.905
3598082.026
3744271.382
4029343.343
4294448.899
4022755.105
4665958.618
4433081.879
4917963.979
4788577.312
3287501.502
5063921.215
5174231.25
5415482.295
5649414.398
4332746.797
4523492.999
4529283.295
4506148.164
4923343.527
4984741.596
5218037.133
5394014.373
5557296.374
5716278.921
5841287.447
5984757.881
6075746.009
6113595.001
6460180.47
6597086.655
6541200.034
6902227.14
7130937.872
7150280.025
7394789.263
7464165.636
7660880.062
7959002.739
8183025.119
8349437.798
8265833.276
8673488.653
8798577.564
9043648.156
8908824.1
9196932.111
10239804.446
9662292.064
10187948.824
10060695.61
10582759.116
11100874.794
10879552.845
11035171.993
11070673.115
10866313.061
11390082.186
11225874.68
12337837.54
11737067.16
12057400.743
13360423.915
13243587.482
12436498.924
12875968.059
12950563.246
12853330.525
14192342.381
14676436.606
14691797.032
14052358.092
13987905.162
15130096.618
15517713.74
15626132.57
16166246.736
16049805.271
15515799.669
16524008.727
17175608.82
17335850.42
17252491.241
17762279.975
18284273.519
18187292.505
18223595.674
18996836.819
19122893.315
19536679.745
19799700.963
20020878.229
19295903.686
20348593.712
20797008.069
21193280.846
21021816.145
21457082.182
21350693.659
15439851.286
22587802.776
20287298.58
21649955.231
22770051.562
23159979.898
23527469.904
24193548.742
24308817.14
24965809.503
23785598.794
24953330.792
25260351.762
24713810.996
25355736.741
26161873.929
25585912.256
25610068.917
26841428.237
26353525.4
26739624.229
27574018.562
27716529.551
27295268.266
27559017.435
28319970.541
28519218.472
28262510.486
28559737.017
28420087.24
28557096.146
28877061.113
29703759.91
31101886.209
30749353.471
27936721.665
30310400.0
30136270.236
29963353.744
30762291.051
30872601.109
32120147.306
32315185.686
33423870.008
31171913.347
32696111.297
33647343.797
33004584.692
33989714.75
34904159.205
33366539.314
35681020.842
34738432.945
35826749.093
36565067.387
36478611.34
37218248.649
35449011.062
37255748.776
37946961.158
37558711.157
38680218.821
38814094.447
36660598.79
37711331.386
37968441.586
38846263.755
38850396.55
39335905.408
40098592.496
41028556.831
39281020.433
40978996.132
40827983.08
41607529.147
40010151.617
42222437.86
43138999.417
42687791.984
42752293.948
43589674.21
44269489.545
44575235.161
45159875.674
44205895.915
45138229.132
45489088.452
27711264.008
30473400.773
30616257.188
31264888.266
46756708.032
47330361.497
46885897.968
47049668.863
46876681.611
44997872.672
46411135.649
48418220.007
49399937.422
47838675.921
48223693.893
48132121.367
49152072.562
48417169.474
49706046.448
51811287.538
51206763.589
51761880.586
51359391.364
51968619.62
51996139.813
53306004.251
53248345.437
51889789.55
53082660.538
54224042.415
52526048.464
53006158.102
54377561.461
54119834.476
55232073.988
54732388.071
55841530.886
55287810.898
55851643.686
55609088.359
57023969.571
55882054.457
57719478.336
56613285.532
57228234.18
58143686.472
57458713.402
57451276.391
56523940.422
56014854.061
54936315.45
58745217.85
55142233.472
59485899.878
60112639.127
60057128.344
60727311.302
60243735.0
60403009.088
58683168.103
62138677.589
61817103.014
61413185.889
62174593.252
63156660.532
62439720.129
63958753.054
63365946.345
64581939.098
63764525.184
65065912.748
65351125.425
65420660.088
65889493.291
65818519.66
66701295.163
67175111.645
66555194.133
66485787.329
66239028.235
66438201.178
67447817.996
68787673.97
68520881.256
68315051.63
69160710.268
69039881.876
68641183.061
69295130.108
69855465.153
70098105.347
70120814.949
71819194.897
72592846.061
72409591.883
71790679.666
71333584.955
71455242.934
72251355.316
73444494.679
74770273.865
74277703.255
74660963.879
74144533.146
74251384.747
74872254.133
74738356.651
74879464.537
75373904.046
75720769.543
75918551.204
75580956.351
76268317.059
75796798.443
75893979.321
76953454.52
77588988.178
76544819.44
77501238.582
77836424.915
78240993.78
77901464.66
78636450.827
78015022.922
79610691.037
80288761.984
80639432.714
79237167.566
79869000.113
80889714.881
81878779.747
81132645.621
80947616.488
82672354.798
81981755.797
83570960.75
82423255.43
84012283.504
83359259.208
84056434.374
84050166.166
83107797.744
82593568.459
84250317.559
84200958.932
83096678.442
83238081.993
84201212.461
84838860.168
84654236.166
85292004.747
83857524.466
82669193.686
80790004.53
83709964.362
83766086.195
84426713.369
83041412.447
86629453.931
86152749.026
84715865.026
86030720.866
85905680.219
88057152.987
87154368.831
86589841.765
87302460.538
86986683.481
87140723.226
83939813.763
89197818.881
89292155.674
80336051.209
87582994.311
82482744.782
87838584.922
87852657.722
86633354.199
90837367.751
91554373.435
91324795.297
87556221.879
89229949.117
89986093.675
91444225.139
89837176.467
92408565.327
90495914.677
89712694.337
85846590.368
92972457.885
88686449.497
83686895.102
93328968.984
92500812.214
85254196.886
93788376.431
94974138.002
94139933.773
95714806.368
95476040.376
93018469.466
95022680.276
95649090.189
93485753.442
95382651.57
94609861.062
96906989.133
96156333.683
93270864.638
96419065.58
96295494.42
96207267.43
95946429.219
97873537.681
95492011.182
97288043.19
96752352.691
97038181.98
98249127.133
99118854.023
97863500.849
99695635.61
99657173.906
97112892.702
97706640.402
98769750.99
99483154.921
100457990.208
102129885.405
97372063.227
99633108.055
101396604.779
102213970.989
100873353.685
102181923.31
101911203.221
102623298.296
102787897.634
99093176.963
103027821.239
102219986.591
101776906.875
102203197.118
99441000.37
229791.747
103027858.162
12353828.494
103284019.534
103169001.192
105067115.026
104524417.923
103851978.766
105807170.248
103489095.715
105604908.89
103190365.226
106090268.8
106101500.046
106355100.652
107766672.884
96187061.251
106110799.675
107193460.978
107019391.713
106674890.901
107646540.912
107517392.172
109016711.845
106933157.813
107389281.894
97587042.804
107744263.135
108449548.366
108238760.829
96887902.936
109687911.789
106278720.333
110085271.169
108297729.595
10746123.11
108738246.543
108412718.09
109762160.667
109568138.499
110075033.555
112776863.147
111917254.786
110714787.07
111869076.834
111701150.592
110740550.966
112638940.982
112751030.323
113680045.697
114241706.93
109489826.166
112548940.121
113918559.046
114073989.206
113873252.881
113313401.74
113650639.11
113130943.495
113815284.422
112612887.719
113466757.552
114997799.897
115143371.85
115663647.349
114925471.624
114202703.206
116400172.666
113520781.241
117392390.822
116143276.97
116469625.993
117664059.438
117144326.733
117653263.783
116738125.627
13896907.47
117897920.976
116294614.749
114327139.018
118761632.855
118513665.466
117881215.16
118996728.968
118269295.504
106151876.459
118376138.939
120422099.644
120621074.555
119705671.961
116702088.28
105173908.64
118532590.637
119896104.868
120796320.557
123519386.109
104725171.473
121257343.158
121687811.966
122013478.52
112332073.353
122952092.436
121866797.081
122243423.776
106341360.676
124368121.612
105924005.788
124370106.533
108177246.152
122785066.218
107144788.666
122536892.052
106270106.441
124938914.829
110122254.049
125781670.719
106961054.26
125304919.6
126432031.379
126133943.697
123621933.831
108994159.387
52989356.976
120922175.444
126210138.244
126804924.981
125498385.13
128266313.191
125673587.157
124696430.042
127676269.046
126536560.401
128597374.329
127364948.11
109406250.372
128496190.75
129836184.376
16999409.558
130456507.423
128911046.422
129316884.303
128878493.268
128690198.989
130705187.219
128997716.715
128229604.798
130647534.84
129555638.216
129674035.232
130382147.368
129860674.568
129307323.317
131205517.64
131190231.003
130699245.008
131121353.334
130765926.99
131348382.626
131719920.288
133726700.272
134061440.826
131054591.301
132609221.878
132930526.039
133048823.607
133798361.723
133875211.829
133384203.788
114679976.573
134637094.666
135401449.536
133050922.141
114786533.235
136777289.544
133778995.881
132620132.707
137375151.931
137720509.408
136996580.582
138202634.07
132440521.644
121400737.215
139366997.882
139661041.944
137414882.679
138619231.43
109790522.02
132493211.673
132058170.422
133761229.44
131224211.47
141571162.085
132394028.602
134446206.88
134674401.691
134845663.761
135397320.61
134650076.118
134101672.016
115169012.447
135089562.98
135845098.092
117414587.053
135773216.095
142966169.868
141960780.005
142293089.748
115817794.457
141405027.284
141194098.452
142530814.051
136539849.807
142980572.239
135062365.537
135906197.733
143234964.15
138567197.003
142165137.472
142285713.303
137023065.538
142685024.569
142845182.337
145617336.532
138750779.019
139024604.575
137079018.33
136794901.481
136098757.137
138710324.278
119827069.787
139338158.138
141055940.492
139737474.944
147089454.632
139253998.078
142051602.789
141198713.186
141047904.455
140097666.87
142812951.961
139812195.297
140245257.623
140896107.938
141014270.637
141105417.307
141685379.421
140127136.461
139981990.626
140597017.287
141054184.122
140000779.546
118910515.688
141804266.414
140337004.461
141492936.081
142286930.084
142077699.369
140882054.134
142663022.844
143765702.954
149081605.038
149648939.632
141367685.994
147963689.946
145296690.65
148997656.381
150900024.548
142988658.617
142753669.739
138749470.713
141246217.477
143716413.549
138501433.623
135200370.407
144305778.465
148451556.288
144382874.566
144947436.753
145584071.978
142264959.211
144497889.755
149953663.677
143990669.028
144020146.337
151491178.078
144130778.203
145153415.251
145062810.044
152486647.47
146974163.215
145379957.088
153057682.778
145812094.183
147407418.931
147537560.176
147521126.424
149693955.995
147199228.987
147869379.752
148240650.261
146770802.716
145841676.198
148050068.804
149080791.038
154750028.883
147480036.083
147118692.614
148832956.339
148531902.86
150026657.863
154415788.233
149027750.326
150041747.318
154670112.105
154113422.801
150222040.77
149879593.246
155540971.606
154723672.016
150730224.044
156749163.601
149272014.055
155674032.576
152489607.113
150632556.506
150141661.524
150888597.785
158073664.299
152234487.368
151485349.246
150929085.304
153946179.947
151112227.22
151732313.452
152163502.889
152754060.287
150908353.959
150668892.988
151615409.859
158289836.089
153506698.293
157507036.288
158445272.394
151997851.874
153952874.939
143752095.037
152837452.204
152081008.755
152174937.982
153702645.119
151004784.138
152810415.373
153882589.132
153376442.512
153373556.742
151735715.533
152225009.531
152993186.068
152961282.042
159207106.482
156200059.363
154057120.56
154295369.256
155054944.945
154620161.784
155018356.915
160456003.751
161784089.665
156523868.367
153717390.687
154707097.438
155641654.78
160621754.691
155443519.288
160488933.871
155532263.955
157272802.292
155106023.502
161782395.704
156065162.67
156067140.269
155804250.431
155776571.873
155780444.738
156203429.914
161318193.273
155886881.555
155992165.905
157065099.819
157130701.722
163706898.228
156559896.556
156788341.829
157821199.069
157925838.497
149237642.06
163405979.192
163117841.022
157905337.273
157268630.107
164716413.021
158076146.742
157861203.488
158410131.295
164649345.95
158614118.065
159171732.769
157645054.975
154603168.303
157001474.335
158109128.862
158156328.982
163645165.15
163843536.253
157741788.891
158975230.634
159398013.751
158058952.419
164101306.439
158201920.373
159146538.046
160098640.001
159414245.844
158996768.609
161856381.153
141401171.273
160142949.564
166789786.961
158112765.337
161391345.309
160834494.755
161187782.94
161139410.563
160655881.907
162317470.944
161389339.495
160937444.502
158078740.791
167740580.573
161278343.885
162218704.143
161153026.962
164083630.088
161182702.071
167902655.563
167771377.371
169861306.471
154553399.338
161133154.617
161300734.976
167973900.538
162146651.729
163777665.395
163607863.541
167478095.113
163055243.042
163527194.306
161079581.343
3149250.598
