0.0
0.003
0.002
0.003
0.006
0.009
0.013
0.018
0.023
0.03
0.037
0.044
0.053
0.062
0.072
0.082
0.094
0.106
0.12
0.132
0.147
0.162
0.177
0.194
0.211
0.229
0.248
0.268
0.287
0.308
0.33
0.352
0.375
0.399
0.424
0.449
0.475
0.502
0.529
0.553
0.493
0.557
0.65
0.648
0.646
0.74
0.738
0.68
0.709
0.738
0.853
0.952
0.99
0.916
0.896
1.042
1.14
1.13
1.204
1.203
1.318
1.362
1.412
1.461
1.499
1.548
1.595
1.641
1.692
1.743
1.793
1.845
1.896
1.95
2.004
2.059
2.112
2.169
2.225
2.285
2.34
2.4
2.46
2.521
2.584
2.644
2.706
2.769
2.832
2.901
2.964
3.03
3.098
3.165
3.23
3.302
3.373
3.212
3.453
3.159
3.601
3.442
3.72
3.257
3.639
3.386
4.05
4.202
4.282
4.311
4.397
4.523
4.225
4.423
4.717
4.855
4.938
5.02
4.728
4.865
4.422
5.301
4.931
4.913
5.251
5.317
4.876
4.956
5.95
6.0
6.072
6.14
6.171
6.201
6.237
6.259
5.689
5.764
6.499
6.482
6.562
6.443
6.197
6.874
7.463
6.457
7.194
7.163
7.34
7.676
7.557
6.996
7.32
8.122
7.283
7.38
7.492
7.569
8.274
7.76
8.651
7.947
8.999
8.589
9.154
8.902
9.405
8.911
9.491
9.079
9.006
9.584
9.593
10.118
9.599
9.39
9.508
9.992
10.419
10.736
10.795
10.435
10.773
10.963
11.227
11.43
10.613
10.849
11.22
11.439
11.629
11.752
11.87
12.009
12.051
11.678
11.798
12.427
12.472
12.49
12.919
13.335
13.272
13.277
13.151
13.733
13.036
13.687
13.974
14.298
14.106
14.517
14.433
14.545
14.065
14.189
14.334
15.006
15.6
15.238
15.678
15.642
15.676
16.163
15.42
16.213
16.385
16.776
16.299
16.587
16.925
16.415
16.55
16.687
17.286
17.555
17.095
17.894
18.07
18.189
18.244
18.409
17.995
18.124
18.493
18.423
19.063
19.557
19.59
19.335
20.119
19.371
19.523
19.677
20.648
20.215
20.127
20.891
21.365
20.65
20.797
21.395
21.869
22.25
21.786
21.854
22.611
22.224
22.629
22.266
22.428
23.605
23.77
23.481
23.273
23.261
23.502
23.879
24.127
24.221
24.296
24.286
25.402
25.342
25.392
25.326
25.176
26.011
25.516
26.602
26.558
26.212
26.946
26.587
26.613
27.089
27.616
27.169
27.705
27.673
28.673
28.277
28.606
29.012
29.304
29.55
29.682
29.946
30.105
29.753
30.422
29.83
30.643
30.643
30.732
30.924
31.657
31.604
31.549
31.876
32.299
31.716
32.869
32.615
32.304
32.513
32.744
32.926
33.885
33.794
34.171
34.621
33.914
34.517
34.924
34.539
35.685
35.822
35.791
36.218
36.433
35.774
36.689
36.76
36.812
36.806
37.735
37.704
37.655
37.482
37.647
37.863
38.075
38.357
38.557
38.817
39.013
39.163
39.434
39.643
39.872
40.277
40.628
41.168
41.3
40.974
41.174
42.132
42.425
41.882
42.705
42.95
42.559
43.593
43.804
43.706
43.507
44.867
45.078
44.617
44.926
44.649
45.011
45.503
45.376
45.897
45.843
46.62
46.509
46.779
47.021
47.212
47.48
47.761
47.949
48.257
48.734
48.678
48.996
49.237
49.467
49.644
49.87
50.119
50.445
50.792
50.953
51.248
51.412
51.717
52.01
53.995
52.452
55.301
53.378
53.218
53.454
54.715
53.969
54.212
54.59
54.779
55.075
55.272
55.765
56.017
56.123
56.382
56.636
56.792
57.739
60.26
58.169
58.461
58.596
58.368
59.979
58.998
59.691
60.839
59.84
60.351
60.352
60.483
60.884
61.185
63.763
62.175
61.972
64.101
65.161
63.191
65.781
63.333
65.061
63.992
64.212
65.841
68.329
65.115
65.267
66.866
65.973
67.43
66.431
70.324
73.901
68.599
68.119
68.574
68.176
68.465
69.137
69.065
72.252
71.073
70.22
70.464
70.516
70.842
71.473
106.791
72.171
72.171
72.186
72.754
72.961
73.002
73.341
73.652
74.025
74.361
74.74
74.945
75.343
75.554
75.881
76.212
76.459
77.073
77.236
77.56
77.817
78.336
78.41
78.718
78.999
79.281
79.759
79.956
80.21
80.586
80.792
81.287
81.415
81.788
82.204
82.426
82.767
83.066
83.343
83.755
84.024
84.375
84.679
85.158
85.346
85.649
85.94
86.327
86.685
86.983
87.24
87.633
88.066
88.221
88.627
88.811
89.321
89.633
89.982
90.303
90.573
90.91
91.379
91.605
91.952
92.322
92.842
92.866
93.271
93.664
94.046
94.206
94.766
95.009
95.402
95.706
96.13
96.426
96.72
97.283
97.343
97.753
98.153
98.61
98.766
99.315
99.505
99.939
100.174
100.586
100.898
101.221
101.532
101.906
102.401
102.697
103.006
103.362
103.731
104.18
104.543
104.994
105.25
105.598
105.967
106.135
106.634
107.098
107.353
107.711
108.137
108.531
108.843
109.018
109.516
109.862
110.172
110.658
111.122
111.445
111.603
111.99
112.54
113.3
113.091
113.509
113.947
114.273
114.607
115.058
115.483
115.811
116.053
116.528
116.805
117.493
117.67
117.966
118.375
118.91
119.357
119.776
120.073
121.026
120.702
121.087
121.407
121.9
122.209
122.797
123.332
123.527
123.74
124.272
124.615
125.193
125.399
125.75
126.224
126.578
126.954
127.376
127.764
128.108
128.595
128.841
129.43
129.587
130.089
130.7
130.831
131.375
131.756
132.101
132.665
132.85
132.883
133.207
133.472
134.041
134.458
134.784
135.218
135.599
135.905
136.464
137.815
138.176
138.512
138.74
139.266
139.382
140.099
140.335
140.983
141.322
141.854
142.362
142.881
142.659
143.083
143.483
143.868
144.189
144.544
145.696
145.922
146.637
146.028
146.664
146.923
147.283
147.834
148.352
148.814
149.011
149.62
149.929
150.624
151.109
151.128
151.74
152.126
152.631
153.755
154.441
155.131
154.827
155.173
155.773
156.027
156.555
157.326
157.323
157.494
158.754
158.447
163.591
164.759
165.371
165.867
164.618
167.623
167.807
167.282
166.779
163.646
163.708
163.781
164.789
164.956
165.565
166.392
165.928
166.372
167.138
167.851
168.082
168.269
168.598
168.854
169.285
170.214
170.342
171.159
171.264
171.911
172.586
173.051
173.694
174.896
174.308
174.837
175.729
175.685
176.035
176.966
177.743
177.343
178.593
178.925
179.501
179.796
180.29
179.995
181.938
185.139
187.125
181.821
183.606
184.063
184.174
184.79
184.826
185.114
185.438
186.036
186.67
187.418
187.52
187.7
188.79
188.899
189.525
189.934
190.116
190.744
191.42
191.451
192.071
192.166
193.168
193.743
193.413
194.478
194.793
195.611
195.708
196.115
196.791
196.94
197.832
198.243
198.643
199.535
199.776
200.147
200.374
201.521
201.685
202.226
204.204
204.421
204.005
204.424
204.923
205.326
205.752
206.16
206.541
207.42
208.533
208.053
209.001
210.094
209.801
211.257
211.507
211.446
212.666
212.99
213.654
214.349
213.978
214.787
215.393
215.838
216.258
217.507
217.634
217.952
219.111
218.651
219.364
220.606
220.024
220.887
221.364
221.841
222.265
222.827
223.903
223.909
225.973
224.661
225.772
226.547
227.187
227.681
228.201
228.591
228.995
229.452
230.236
230.449
231.205
231.082
232.415
232.963
233.284
233.711
234.321
234.836
234.869
236.313
236.132
237.377
236.841
238.245
238.887
239.174
241.314
240.168
240.67
241.01
242.228
242.502
243.042
243.363
243.818
244.614
245.304
249.634
251.526
247.51
247.405
247.748
248.36
248.175
249.689
250.235
250.311
251.271
251.618
251.775
252.992
253.788
253.406
254.914
255.107
255.663
256.369
257.052
257.8
258.064
258.554
259.22
259.565
260.117
260.392
261.692
261.292
262.826
263.083
263.203
264.022
263.951
264.898
265.971
266.557
267.59
267.55
268.32
270.339
269.881
269.952
271.029
361.951
