0.0
373.957
2616.126
2667.567
2678.355
2702.933
2702.709
2726.935
2727.587
2725.431
2733.657
2729.286
2735.564
2730.299
2726.085
2728.827
2723.636
2734.825
2707.469
2728.275
2727.488
2728.149
2730.913
2727.9
2727.131
2730.581
2729.691
2724.368
2728.532
2727.854
2726.415
2731.775
2734.173
2726.624
2725.008
2726.942
2727.697
2725.86
2731.796
2749.473
3243.329
3019.807
2712.539
2852.99
2995.73
2734.816
2866.984
3250.359
3251.097
3254.516
2929.307
2732.746
2730.069
3068.071
3254.45
2903.913
2749.876
2874.784
2793.078
2894.172
2730.427
2732.481
2722.787
2717.31
2733.362
2729.208
2731.545
2735.016
2733.235
2731.689
2733.068
2732.356
2734.161
2732.211
2732.892
2732.29
2734.863
2733.407
2733.83
2731.759
2735.236
2733.298
2732.999
2732.515
2731.173
2732.405
2733.631
2733.785
2734.052
2730.234
2732.405
2732.617
2732.405
2732.678
2735.4
2733.387
2732.041
2928.995
2781.054
3102.715
2776.863
2963.756
2796.991
3257.448
2972.607
3255.731
2774.218
2724.624
2723.965
2756.175
2752.121
2724.022
2969.036
2887.001
2754.987
2723.86
2724.882
2726.815
2944.833
2910.776
3256.338
2762.139
3018.735
3079.322
2928.143
2938.883
3256.109
3254.219
2753.666
2773.28
2783.193
2794.927
2823.669
2852.559
2879.178
2911.779
3251.172
3256.337
2930.291
2980.792
2986.924
3085.735
3253.995
2974.978
2778.649
3256.291
2963.119
3016.936
2984.078
2892.412
2977.467
3258.926
3156.321
2882.149
3256.401
3255.512
3248.46
3256.548
3017.035
3257.954
2959.362
3261.737
2916.477
3093.233
2938.244
3058.27
2929.907
3129.899
2973.755
3145.73
3209.095
3050.938
3083.835
2958.04
3154.043
3261.607
3258.014
3135.268
3041.024
2984.311
3001.371
3139.451
3074.65
3054.715
3015.625
2994.306
3259.631
3223.248
3150.185
3122.788
3104.29
3104.303
3105.69
3101.854
3123.059
3256.241
3256.069
3122.948
3143.386
3170.527
3096.145
3029.64
3074.406
3103.878
3164.568
3060.13
3255.412
3130.728
3096.108
3055.136
3126.302
3066.743
3113.904
3119.138
3255.987
3257.919
3254.838
3138.089
3046.382
3147.415
3087.196
3122.467
3143.943
3076.714
3253.987
3122.543
3117.154
3071.631
3189.384
3161.61
3125.524
3250.65
3252.167
3253.437
3167.575
3145.841
3257.951
3138.92
3134.752
3140.368
3157.198
3154.962
3254.428
3257.99
3219.428
3258.229
3174.546
3119.582
3139.555
3206.642
3106.495
3252.266
3252.774
3252.944
3124.488
3216.644
3256.173
3161.588
3115.541
3248.459
3250.396
3183.973
3138.862
3108.707
3199.117
3213.406
3129.323
3207.814
3173.969
3249.794
3250.473
3111.232
3112.429
3174.037
3225.84
3251.118
3241.298
3213.221
3203.243
3213.842
3226.858
3251.23
3130.588
3160.297
3176.417
3207.238
3248.906
3166.734
3250.669
3139.653
3166.602
3230.609
3164.259
3228.948
3247.917
3212.605
3172.692
3246.666
3205.389
3230.65
3138.85
3204.053
3188.275
3164.506
3153.708
3148.094
3154.639
3147.254
3151.102
3209.092
3158.873
3242.354
3176.729
3197.091
3208.28
3208.627
3154.319
3179.597
3205.34
3192.361
3170.412
3248.836
3154.482
3198.843
3249.597
3248.666
3245.643
3247.532
3174.96
3202.968
3186.933
3164.607
3250.145
3212.577
3194.295
3249.233
3163.658
3170.398
3192.007
3173.021
3172.907
3250.443
3187.964
3200.478
3214.615
3233.866
3172.536
3193.544
3216.136
3249.606
3253.873
3253.873
3254.185
3248.695
3250.152
3246.648
3248.568
3254.331
3250.051
3251.059
3250.376
3235.603
3225.423
3200.766
3208.138
3251.442
3253.374
3196.869
3192.079
3251.069
3205.697
3204.695
3251.616
3191.527
3193.216
3217.542
3249.474
3167.801
3169.694
3219.429
3214.155
3251.182
3241.93
3223.702
3249.671
3229.479
3250.151
3212.582
3236.911
3234.825
3234.71
3238.172
3236.401
3233.764
3237.53
3233.198
3217.762
3237.765
3233.019
3233.376
3234.467
3239.104
3240.506
3240.475
3235.545
3229.356
3235.065
3232.299
3237.83
3234.545
3232.062
3128.441
3236.15
3084.351
3210.962
3236.187
3237.466
3178.115
3237.502
3238.432
3231.337
3235.558
3233.495
3237.273
3223.829
3224.454
3233.513
3233.808
3234.428
3240.597
3202.357
3082.678
3208.284
3207.08
3214.486
3241.926
3169.393
3236.85
3213.943
3167.73
3235.293
3222.5
3237.05
3244.697
3237.879
3236.473
3119.603
3213.67
3238.642
3145.073
3107.689
3218.839
3105.813
3240.173
3168.018
3235.173
3238.254
3172.027
3069.927
3235.502
3242.091
3178.312
3235.314
3179.144
3240.92
3074.685
2938.453
3179.179
3215.31
3207.655
3240.138
3240.232
3222.359
3239.42
3109.605
3174.55
3226.638
3229.033
3240.163
3238.784
3223.578
2166.477
3219.087
3232.465
3245.169
3233.149
3237.29
3248.795
3247.088
3246.648
3243.484
3242.022
3238.746
3243.049
3238.994
3243.056
3242.131
3241.091
3243.626
3230.702
3236.817
3236.203
3238.413
3229.774
3239.601
3239.729
3241.004
3242.265
3235.541
3240.313
3242.743
3240.295
3244.669
3237.548
3245.072
3242.828
3238.982
3242.768
3241.901
3242.73
3244.439
3240.896
3242.949
3241.813
3242.54
3236.633
3241.826
3242.636
3243.944
3241.655
3240.456
3241.546
3244.187
3241.786
3237.985
3244.419
3241.64
3246.999
3240.492
3241.222
3240.653
3241.116
3243.378
3243.3
3238.553
3242.445
3242.091
3240.925
3234.562
3245.536
3243.252
3241.374
3239.936
3246.174
3238.662
3242.064
3240.34
3241.69
3238.993
3240.641
3242.342
3235.099
3244.639
3242.535
3240.833
3237.263
3243.58
3237.067
3242.282
3239.597
3243.358
3241.419
3242.712
3243.699
3245.039
3244.4
3239.983
3241.864
3243.336
3243.355
3243.01
3240.179
3240.044
3237.238
3240.427
3240.841
3240.584
3246.52
3242.358
3239.292
3242.587
3242.748
3240.924
3240.067
3241.702
3247.4
3243.521
3244.158
3245.883
3242.431
3239.678
3241.075
3247.25
3246.812
3241.649
3230.575
3247.27
3245.999
3244.185
3245.558
3246.755
3244.64
3243.271
3244.679
3248.483
3245.779
3248.64
3240.1
3245.725
3248.056
3247.299
3243.144
3241.389
3240.465
3242.82
3227.62
3246.64
3246.677
3248.447
3245.612
3247.708
3242.426
3238.618
3243.74
3248.391
3244.686
3245.968
3241.145
3245.985
3247.093
3245.033
3246.063
3246.566
3245.905
3246.113
3247.458
3245.201
3249.035
3244.25
3250.339
3247.774
3242.557
3249.262
3245.728
3246.283
3247.707
3243.78
3249.139
3258.235
3260.185
3263.616
3259.611
3259.344
3261.281
3260.636
3261.281
3263.725
3260.12
3237.838
3239.056
3240.867
3245.212
3242.609
3249.552
3242.545
3246.696
3241.357
3243.165
3240.547
3238.519
3236.25
3250.829
3250.739
3251.175
3251.974
3254.228
3255.722
3239.414
3243.826
3237.379
3260.331
3255.603
3259.296
3260.721
3257.945
3255.942
3255.18
3260.225
3256.282
3258.884
3253.129
3251.958
3260.829
3256.936
3257.933
3256.387
3241.754
3236.506
3231.232
3246.726
3248.627
3245.247
3249.077
3247.216
3240.389
3249.53
3255.087
3238.266
3253.596
3160.08
3146.411
3143.49
3142.786
3175.406
3127.105
3132.311
3150.824
3169.045
3238.608
3246.273
3253.728
3242.699
3248.286
3245.186
3237.872
3255.776
3255.941
3249.825
3244.799
3249.132
3254.323
3256.751
3260.598
3261.061
3251.996
3258.292
3251.449
3258.187
3254.621
3250.561
3250.481
3247.093
3233.364
3252.917
3251.698
3243.775
3253.193
3255.311
3246.752
3241.084
3256.974
3242.687
3245.177
3243.263
3246.428
3246.018
3259.838
3233.466
3185.848
3160.249
3260.897
3237.587
3237.93
3244.38
3241.933
3249.681
3253.007
3255.696
3253.584
3250.87
3246.223
3252.784
3257.985
3247.468
3253.894
3251.411
3252.682
3257.847
3255.376
3252.121
3259.85
3257.558
3264.184
3255.445
3253.982
3267.745
3258.027
3260.938
3255.461
3262.001
3263.387
3260.321
3265.99
3259.384
3260.728
3262.263
3255.755
3259.89
3261.93
3266.293
3255.733
3261.13
3260.428
3236.813
3241.325
3255.92
3257.237
3257.266
3258.835
3260.051
3261.54
3263.478
3257.567
3248.059
3263.479
3256.558
3247.487
3259.887
3245.267
3249.265
3258.043
3247.16
3250.023
3247.718
3244.975
3258.39
3253.897
3252.521
3253.577
3254.999
3244.035
3249.87
3252.838
3243.336
3257.875
3254.971
3244.312
3260.598
3255.531
3256.178
3256.837
3258.271
3257.697
3249.665
3257.204
3235.005
3261.525
3253.057
3249.505
3247.899
3248.403
3248.551
3250.54
3252.331
3253.38
3249.812
3254.32
3251.179
3260.422
3249.189
3249.011
3252.006
3253.521
3252.494
3252.811
3259.79
3247.28
3257.203
3247.506
3262.27
3250.431
3249.077
3252.539
3231.019
3253.789
3254.353
3257.116
3248.052
3251.705
3251.793
3254.812
3256.037
3252.734
3250.859
3201.626
3184.659
3243.569
3252.194
3254.94
3254.152
3263.827
3251.254
3251.366
3257.582
3252.331
3255.03
3260.2
3251.678
3248.632
3260.7
3248.549
3253.224
3253.283
3251.438
3249.906
3247.572
3251.352
3252.279
3250.997
3253.75
3253.919
3257.56
3248.417
3260.446
3248.443
3252.305
3257.845
3254.765
3262.67
3258.016
3251.864
3251.689
3246.098
3253.554
3251.181
3233.815
3246.228
3252.312
3246.307
2436.021
